[gd_scene load_steps=2 format=3 uid="uid://dmifug6c7iqfr"]

[sub_resource type="BoxMesh" id="BoxMesh_6h26n"]

[node name="Node3D" type="Node3D" unique_id=1729932152]

[node name="DirectionalLight3D" type="DirectionalLight3D" parent="." unique_id=755492833]
transform = Transform3D(-0.8660254, -0.43301278, 0.24999999, 0.27385467, 0.007552415, 0.96174145, -0.41833442, 0.9013561, 0.11204198, 0, 0, 0)
shadow_enabled = true

[node name="MeshInstance3D" type="MeshInstance3D" parent="." unique_id=1834088818]
mesh = SubResource("BoxMesh_6h26n")

[node name="Camera3D" type="Camera3D" parent="." unique_id=1011601410]
transform = Transform3D(1, 0, 0, 0, 0.5362541, 0.8440566, 0, -0.8440566, 0.5362541, 0, 3.1443653, 1.9957671)

[node name="Label3D" type="Label3D" parent="." unique_id=1444061926]
transform = Transform3D(1, 0, 0, 0, 0.40510973, 0.9142681, 0, -0.9142681, 0.40510973, 0, 0.8788965, 0)
text = "3d in 2d"
